56725
56724
56723
56722
56721
56720
56719
56718
56717
56716
56715
56714
56713
56712
56711
56710
56081
56080
56079
56078
56077
56076
56075
56074
56073
56072
56071
56070
56069
56068
56067
56066
56065
56064
56063
56062
56061
56060
56059
56058
56057
56056
56055
56054
56053
56052
56051
56050
56049
56048
56047
56046
55835
55834
55833
55832
55831
55830
55829
55828
55827
55826
55825
55824
55823
55822
55821
55820
55819
55818
55817
55816
55815
55814
55813
55812
55811
55810
55809
55808
55807
55806
55805
55804
55803
55802
55801
55800
55799
55798
55797
55796
55179
55178
55177
55176
55175
55174
55173
55172
55171
55170
55169
55168
55167
55166
55165
55164
55163
55162
55161
55160
55159
55158
55157
55156
55155
55154
55153
55152
55151
55150
55149
55148
55147
55146
55145
55144
55143
55142
55141
55140
54681
54680
54679
54678
54677
54676
54675
54674
54673
54672
54671
54670
54669
54668
54667
54666
54665
54664
54663
54662
54661
54660
54659
54658
54657
54656
54655
54654
54653
54652
54651
54650
54649
54648
54647
54646
54645
54644
54643
54642
54148
54147
54146
54145
54144
54143
54142
54141
54140
54139
54138
54137
54136
54135
54134
54133
54132
54131
54130
54129
54128
54127
54126
54125
54124
54123
54122
54121
54120
54119
54118
54117
54116
54115
54114
54113
51655
51654
51653
51652
51651
51650
51649
51648
51647
51646
51645
51644
51643
51642
51641
51640
51639
51638
51637
51636
51635
51634
51633
51632
51631
51630
51629
51628
51627
51626
51625
51624
51623
51622
50504
50503
50502
50501
50500
50499
50498
50497
50496
50495
50494
50493
50492
50491
50490
50489
50488
50487
50486
50485
50484
50483
50482
50481
50480
50479
50478
50477
50476
50475
50474
50473
50472
50471
50470
50469
49314
49313
49312
49311
49310
49309
49308
49307
49306
49305
49304
49303
49302
49301
49300
49299
49298
49297
49296
49295
49294
49293
49292
49291
49290
49289
49288
49287
49286
49285
49284
49283
49282
49281
49280
49279
49219
49218
49217
49216
49215
49214
49213
49212
49211
49210
49209
49208
49207
49206
49205
49204
49203
49202
49201
49200
49199
49198
49197
49196
49195
49194
49193
49192
49191
49190
49189
49188
49187
49186
49108
49107
49106
49105
49104
49103
49102
49101
49100
49099
49098
49097
49096
49095
49094
49093
49092
49091
49090
49089
49088
49087
49086
49085
49084
49083
49082
49081
49080
49079
49078
49077
49076
49075
49002
49001
49000
48999
48998
48997
48996
48995
48994
48993
48992
48991
48990
48989
48988
48987
48986
48985
48984
48982
48981
48980
48979
48978
48977
48976
48975
48974
48973
48972
48971
48970
48968
48967
48802
48801
48800
48799
48798
48797
48796
48795
48794
48793
48792
48791
48790
48789
48788
48787
48786
48785
48784
48783
48782
48781
48780
48779
48778
48777
48776
48775
48774
48773
48772
48771
48770
48769
48768
48767
48245
48244
48243
48242
48241
48240
48239
48238
48237
48236
48235
48234
48233
48232
48231
48230
48229
48228
48227
48226
48225
48224
48223
48222
48221
48220
48219
48218
48217
48216
48215
48214
48213
48212
48211
48210
48077
48076
48075
48074
48073
48072
48071
48070
48069
48068
48067
48066
48065
48064
48063
48062
48061
48060
48059
48058
48057
48056
48055
48054
48053
48052
48051
48050
48049
48048
48047
48046
48045
48044
48043
48042
47293
47292
47291
47290
47289
47288
47287
47286
47285
47284
47283
47282
47281
47280
47279
47278
47277
47276
47275
47274
47273
47272
47271
47270
47269
47268
47267
47266
47265
47264
47263
47262
47261
47260
47259
47258
45457
45456
45455
45454
45453
45452
45451
45450
45449
45448
45447
45446
45445
45444
45443
45442
45441
45440
45439
45438
45437
45436
45435
45434
45433
45432
45431
45430
45429
45428
45427
45426
45425
45424
45164
45163
45162
45161
45160
45159
45158
45157
45156
45155
45154
45153
45152
45151
45150
45149
45148
45147
45146
45145
45144
45143
45142
45141
45140
45139
45138
45137
45136
45135
45134
45133
45132
45131
